Zeit	SkinCond	Heartrate
30.12500000000	2.120	68.267
30.25000000000	2.118	68.267
30.37500000000	2.116	68.267
30.50000000000	2.114	68.267
30.62500000000	2.113	68.267
30.75000000000	2.113	68.267
30.87500000000	2.115	67.965
31.00000000000	2.117	67.965
31.12500000000	2.121	67.965
31.25000000000	2.125	67.965
31.37500000000	2.131	67.965
31.50000000000	2.137	67.965
31.62500000000	2.144	67.965
31.75000000000	2.150	78.367
31.87500000000	2.157	78.367
32.00000000000	2.162	78.367
32.12500000000	2.167	78.367
32.25000000000	2.172	78.367
32.37500000000	2.175	78.367
32.50000000000	2.178	73.846
32.62500000000	2.180	73.846
32.75000000000	2.181	73.846
32.87500000000	2.182	73.846
33.00000000000	2.182	73.846
33.12500000000	2.182	73.846
33.25000000000	2.183	73.846
33.37500000000	2.183	71.776
33.50000000000	2.183	71.776
33.62500000000	2.183	71.776
33.75000000000	2.183	71.776
33.87500000000	2.182	71.776
34.00000000000	2.182	71.776
34.12500000000	2.181	76.418
34.25000000000	2.180	76.418
34.37500000000	2.180	76.418
34.50000000000	2.180	76.418
34.62500000000	2.180	76.418
34.75000000000	2.181	76.418
34.87500000000	2.181	76.418
35.00000000000	2.181	70.459
35.12500000000	2.179	70.459
35.25000000000	2.177	70.459
35.37500000000	2.174	70.459
35.50000000000	2.171	70.459
35.62500000000	2.168	70.459
35.75000000000	2.166	72.113
35.87500000000	2.165	72.113
36.00000000000	2.163	72.113
36.12500000000	2.162	72.113
36.25000000000	2.161	72.113
36.37500000000	2.159	72.113
36.50000000000	2.157	72.113
36.62500000000	2.154	71.776
36.75000000000	2.152	71.776
36.87500000000	2.149	71.776
37.00000000000	2.148	71.776
37.12500000000	2.147	71.776
37.25000000000	2.146	71.776
37.37500000000	2.145	71.776
37.50000000000	2.143	72.113
37.62500000000	2.141	72.113
37.75000000000	2.139	72.113
37.87500000000	2.138	72.113
38.00000000000	2.137	72.113
38.12500000000	2.136	72.113
38.25000000000	2.133	76.040
38.37500000000	2.131	76.040
38.50000000000	2.129	76.040
38.62500000000	2.127	76.040
38.75000000000	2.125	76.040
38.87500000000	2.124	76.040
39.00000000000	2.123	76.040
39.12500000000	2.121	69.818
39.25000000000	2.120	69.818
39.37500000000	2.118	69.818
39.50000000000	2.117	69.818
39.62500000000	2.115	69.818
39.75000000000	2.113	69.818
39.87500000000	2.112	69.818
40.00000000000	2.110	67.965
40.12500000000	2.109	67.965
40.25000000000	2.107	67.965
40.37500000000	2.107	67.965
40.50000000000	2.106	67.965
40.62500000000	2.104	67.965
40.75000000000	2.103	67.965
40.87500000000	2.101	71.442
41.00000000000	2.099	71.442
41.12500000000	2.097	71.442
41.25000000000	2.096	71.442
41.37500000000	2.093	71.442
41.50000000000	2.092	71.442
41.62500000000	2.091	71.442
41.75000000000	2.090	68.879
41.87500000000	2.089	68.879
42.00000000000	2.087	68.879
42.12500000000	2.086	68.879
42.25000000000	2.083	68.879
42.37500000000	2.081	68.879
42.50000000000	2.080	68.879
42.62500000000	2.079	66.207
42.75000000000	2.077	66.207
42.87500000000	2.076	66.207
43.00000000000	2.076	66.207
43.12500000000	2.075	66.207
43.25000000000	2.075	66.207
43.37500000000	2.074	75.665
43.50000000000	2.073	75.665
43.62500000000	2.073	75.665
43.75000000000	2.071	75.665
43.87500000000	2.070	75.665
44.00000000000	2.068	75.665
44.12500000000	2.068	75.665
44.25000000000	2.068	71.776
44.37500000000	2.070	71.776
44.50000000000	2.073	71.776
44.62500000000	2.076	71.776
44.75000000000	2.078	71.776
44.87500000000	2.079	71.776
45.00000000000	2.079	74.927
45.12500000000	2.079	74.927
45.25000000000	2.079	74.927
45.37500000000	2.079	74.927
45.50000000000	2.080	74.927
45.62500000000	2.082	74.927
45.75000000000	2.084	74.927
45.87500000000	2.086	73.143
46.00000000000	2.087	73.143
46.12500000000	2.086	73.143
46.25000000000	2.084	73.143
46.37500000000	2.083	73.143
46.50000000000	2.082	73.143
46.62500000000	2.082	73.143
46.75000000000	2.084	73.143
46.87500000000	2.087	73.143
47.00000000000	2.090	73.143
47.12500000000	2.093	73.143
47.25000000000	2.096	73.143
47.37500000000	2.098	73.143
47.50000000000	2.100	75.665
47.62500000000	2.101	75.665
47.75000000000	2.102	75.665
47.87500000000	2.104	75.665
48.00000000000	2.107	75.665
48.12500000000	2.109	75.665
48.25000000000	2.110	75.665
48.37500000000	2.111	71.776
48.50000000000	2.111	71.776
48.62500000000	2.111	71.776
48.75000000000	2.111	71.776
48.87500000000	2.110	71.776
49.00000000000	2.110	71.776
49.12500000000	2.110	73.846
49.25000000000	2.110	73.846
49.37500000000	2.109	73.846
49.50000000000	2.109	73.846
49.62500000000	2.108	73.846
49.75000000000	2.107	73.846
49.87500000000	2.105	77.186
50.00000000000	2.104	77.186
50.12500000000	2.103	77.186
50.25000000000	2.102	77.186
50.37500000000	2.101	77.186
50.50000000000	2.100	77.186
50.62500000000	2.099	77.186
50.75000000000	2.097	71.776
50.87500000000	2.095	71.776
51.00000000000	2.094	71.776
51.12500000000	2.093	71.776
51.25000000000	2.091	71.776
51.37500000000	2.090	71.776
51.50000000000	2.089	71.776
51.62500000000	2.088	68.571
51.75000000000	2.087	68.571
51.87500000000	2.086	68.571
52.00000000000	2.085	68.571
52.12500000000	2.084	68.571
52.25000000000	2.082	68.571
52.37500000000	2.081	74.563
52.50000000000	2.080	74.563
52.62500000000	2.079	74.563
52.75000000000	2.079	74.563
52.87500000000	2.078	74.563
53.00000000000	2.076	74.563
53.12500000000	2.075	74.563
53.25000000000	2.074	69.818
53.37500000000	2.074	69.818
53.50000000000	2.073	69.818
53.62500000000	2.073	69.818
53.75000000000	2.074	69.818
53.87500000000	2.075	69.818
54.00000000000	2.076	69.818
54.12500000000	2.077	69.818
54.25000000000	2.078	66.783
54.37500000000	2.080	66.783
54.50000000000	2.081	66.783
54.62500000000	2.082	66.783
54.75000000000	2.083	66.783
54.87500000000	2.084	66.783
55.00000000000	2.084	66.783
55.12500000000	2.085	68.267
55.25000000000	2.085	68.267
55.37500000000	2.085	68.267
55.50000000000	2.085	68.267
55.62500000000	2.085	68.267
55.75000000000	2.084	68.267
55.87500000000	2.084	68.267
56.00000000000	2.083	66.207
56.12500000000	2.082	66.207
56.25000000000	2.081	66.207
56.37500000000	2.081	66.207
56.50000000000	2.080	66.207
56.62500000000	2.079	66.207
56.75000000000	2.078	66.207
56.87500000000	2.077	64.000
57.00000000000	2.076	64.000
57.12500000000	2.075	64.000
57.25000000000	2.074	64.000
57.37500000000	2.073	64.000
57.50000000000	2.072	64.000
57.62500000000	2.071	64.000
57.75000000000	2.070	69.189
57.87500000000	2.070	69.189
58.00000000000	2.069	69.189
58.12500000000	2.068	69.189
58.25000000000	2.067	69.189
58.37500000000	2.066	69.189
58.50000000000	2.065	69.189
58.62500000000	2.063	67.665
58.75000000000	2.062	67.665
58.87500000000	2.061	67.665
59.00000000000	2.060	67.665
59.12500000000	2.060	67.665
59.25000000000	2.059	67.665
59.37500000000	2.058	67.665
59.50000000000	2.057	67.665
59.62500000000	2.056	63.734
59.75000000000	2.056	63.734
59.87500000000	2.055	63.734
60.00000000000	2.054	63.734
60.12500000000	2.054	63.734
60.25000000000	2.053	63.734
60.37500000000	2.053	63.734
60.50000000000	2.052	65.923
60.62500000000	2.051	65.923
60.75000000000	2.051	65.923
60.87500000000	2.050	65.923
61.00000000000	2.049	65.923
61.12500000000	2.049	65.923
61.25000000000	2.048	65.923
61.37500000000	2.047	68.267
61.50000000000	2.046	68.267
61.62500000000	2.046	68.267
61.75000000000	2.045	68.267
61.87500000000	2.043	68.267
62.00000000000	2.043	68.267
62.12500000000	2.042	68.267
62.25000000000	2.041	68.267
62.37500000000	2.040	64.810
62.50000000000	2.040	64.810
62.62500000000	2.039	64.810
62.75000000000	2.038	64.810
62.87500000000	2.038	64.810
63.00000000000	2.037	64.810
63.12500000000	2.036	64.810
63.25000000000	2.036	65.362
63.37500000000	2.035	65.362
63.50000000000	2.035	65.362
63.62500000000	2.034	65.362
63.75000000000	2.034	65.362
63.87500000000	2.033	65.362
64.00000000000	2.032	65.362
64.12500000000	2.032	68.267
64.25000000000	2.031	68.267
64.37500000000	2.031	68.267
64.50000000000	2.030	68.267
64.62500000000	2.030	68.267
64.75000000000	2.029	68.267
64.87500000000	2.029	68.267
65.00000000000	2.029	68.267
65.12500000000	2.028	63.210
65.25000000000	2.028	63.210
65.37500000000	2.028	63.210
65.50000000000	2.027	63.210
65.62500000000	2.027	63.210
65.75000000000	2.027	63.210
65.87500000000	2.027	63.210
66.00000000000	2.028	64.000
66.12500000000	2.028	64.000
66.25000000000	2.028	64.000
66.37500000000	2.028	64.000
66.50000000000	2.027	64.000
66.62500000000	2.027	64.000
66.75000000000	2.027	64.000
66.87500000000	2.027	67.965
67.00000000000	2.027	67.965
67.12500000000	2.026	67.965
67.25000000000	2.026	67.965
67.37500000000	2.026	67.965
67.50000000000	2.026	67.965
67.62500000000	2.025	67.965
67.75000000000	2.025	67.965
67.87500000000	2.024	61.935
68.00000000000	2.024	61.935
68.12500000000	2.024	61.935
68.25000000000	2.024	61.935
68.37500000000	2.024	61.935
68.50000000000	2.023	61.935
68.62500000000	2.023	61.935
68.75000000000	2.023	61.935
68.87500000000	2.022	61.195
69.00000000000	2.022	61.195
69.12500000000	2.022	61.195
69.25000000000	2.022	61.195
69.37500000000	2.022	61.195
69.50000000000	2.022	61.195
69.62500000000	2.022	61.195
69.75000000000	2.022	65.923
69.87500000000	2.021	65.923
70.00000000000	2.021	65.923
70.12500000000	2.021	65.923
70.25000000000	2.020	65.923
70.37500000000	2.020	65.923
70.50000000000	2.020	65.923
70.62500000000	2.020	65.923
70.75000000000	2.020	65.923
70.87500000000	2.019	65.923
71.00000000000	2.019	65.923
71.12500000000	2.019	65.923
71.25000000000	2.019	65.923
71.37500000000	2.019	65.923
71.50000000000	2.019	66.783
71.62500000000	2.020	66.783
71.75000000000	2.020	66.783
71.87500000000	2.021	66.783
72.00000000000	2.021	66.783
72.12500000000	2.021	66.783
72.25000000000	2.022	66.783
72.37500000000	2.022	71.442
72.50000000000	2.022	71.442
72.62500000000	2.022	71.442
72.75000000000	2.022	71.442
72.87500000000	2.023	71.442
73.00000000000	2.023	71.442
73.12500000000	2.023	71.442
73.25000000000	2.023	68.267
73.37500000000	2.023	68.267
73.50000000000	2.023	68.267
73.62500000000	2.022	68.267
73.75000000000	2.022	68.267
73.87500000000	2.022	68.267
74.00000000000	2.022	68.267
74.12500000000	2.021	68.267
74.25000000000	2.021	64.000
74.37500000000	2.020	64.000
74.50000000000	2.020	64.000
74.62500000000	2.019	64.000
74.75000000000	2.019	64.000
74.87500000000	2.018	64.000
75.00000000000	2.018	64.000
75.12500000000	2.018	65.641
75.25000000000	2.018	65.641
75.37500000000	2.017	65.641
75.50000000000	2.017	65.641
75.62500000000	2.016	65.641
75.75000000000	2.016	65.641
75.87500000000	2.015	65.641
76.00000000000	2.015	64.268
76.12500000000	2.014	64.268
76.25000000000	2.014	64.268
76.37500000000	2.013	64.268
76.50000000000	2.013	64.268
76.62500000000	2.012	64.268
76.75000000000	2.012	64.268
76.87500000000	2.011	64.268
77.00000000000	2.011	62.186
77.12500000000	2.010	62.186
77.25000000000	2.010	62.186
77.37500000000	2.009	62.186
77.50000000000	2.009	62.186
77.62500000000	2.008	62.186
77.75000000000	2.008	62.186
77.87500000000	2.007	66.783
78.00000000000	2.007	66.783
78.12500000000	2.006	66.783
78.25000000000	2.006	66.783
78.37500000000	2.005	66.783
78.50000000000	2.005	66.783
78.62500000000	2.004	66.783
78.75000000000	2.004	66.783
78.87500000000	2.003	66.783
79.00000000000	2.003	66.783
79.12500000000	2.002	66.783
79.25000000000	2.002	66.783
79.37500000000	2.001	66.783
79.50000000000	2.001	66.783
79.62500000000	2.000	66.783
79.75000000000	1.999	67.074
79.87500000000	1.999	67.074
80.00000000000	1.999	67.074
80.12500000000	1.998	67.074
80.25000000000	1.998	67.074
80.37500000000	1.998	67.074
80.50000000000	1.997	73.493
80.62500000000	1.997	73.493
80.75000000000	1.997	73.493
80.87500000000	1.996	73.493
81.00000000000	1.996	73.493
81.12500000000	1.996	73.493
81.25000000000	1.996	73.493
81.37500000000	1.996	69.502
81.50000000000	1.996	69.502
81.62500000000	1.997	69.502
81.75000000000	1.999	69.502
81.87500000000	2.001	69.502
82.00000000000	2.003	69.502
82.12500000000	2.005	69.502
82.25000000000	2.007	65.641
82.37500000000	2.010	65.641
82.50000000000	2.012	65.641
82.62500000000	2.014	65.641
82.75000000000	2.016	65.641
82.87500000000	2.018	65.641
83.00000000000	2.020	65.641
83.12500000000	2.021	69.189
83.25000000000	2.022	69.189
83.37500000000	2.023	69.189
83.50000000000	2.024	69.189
83.62500000000	2.025	69.189
83.75000000000	2.025	69.189
83.87500000000	2.026	69.189
84.00000000000	2.026	72.113
84.12500000000	2.026	72.113
84.25000000000	2.026	72.113
84.37500000000	2.027	72.113
84.50000000000	2.028	72.113
84.62500000000	2.029	72.113
84.75000000000	2.030	72.113
84.87500000000	2.032	69.502
85.00000000000	2.034	69.502
85.12500000000	2.036	69.502
85.25000000000	2.038	69.502
85.37500000000	2.040	69.502
85.50000000000	2.042	69.502
85.62500000000	2.043	69.502
85.75000000000	2.045	69.189
85.87500000000	2.046	69.189
86.00000000000	2.048	69.189
86.12500000000	2.049	69.189
86.25000000000	2.049	69.189
86.37500000000	2.050	69.189
86.50000000000	2.051	73.493
86.62500000000	2.051	73.493
86.75000000000	2.051	73.493
86.87500000000	2.051	73.493
87.00000000000	2.052	73.493
87.12500000000	2.051	73.493
87.25000000000	2.051	73.493
87.37500000000	2.050	72.113
87.50000000000	2.050	72.113
87.62500000000	2.049	72.113
87.75000000000	2.048	72.113
87.87500000000	2.048	72.113
88.00000000000	2.047	72.113
88.12500000000	2.047	72.113
88.25000000000	2.046	69.818
88.37500000000	2.045	69.818
88.50000000000	2.045	69.818
88.62500000000	2.046	69.818
88.75000000000	2.046	69.818
88.87500000000	2.045	69.818
89.00000000000	2.045	69.818
89.12500000000	2.044	71.442
89.25000000000	2.044	71.442
89.37500000000	2.043	71.442
89.50000000000	2.043	71.442
89.62500000000	2.042	71.442
89.75000000000	2.042	71.442
89.87500000000	2.041	71.442
90.00000000000	2.040	67.368
90.12500000000	2.040	67.368
90.25000000000	2.039	67.368
90.37500000000	2.039	67.368
90.50000000000	2.038	67.368
90.62500000000	2.038	67.368
90.75000000000	2.037	67.368
90.87500000000	2.036	64.268
91.00000000000	2.036	64.268
91.12500000000	2.035	64.268
91.25000000000	2.034	64.268
91.37500000000	2.033	64.268
91.50000000000	2.033	64.268
91.62500000000	2.032	64.268
91.75000000000	2.032	64.268
91.87500000000	2.031	65.362
92.00000000000	2.031	65.362
92.12500000000	2.030	65.362
92.25000000000	2.029	65.362
92.37500000000	2.029	65.362
92.50000000000	2.028	65.362
92.62500000000	2.028	65.362
92.75000000000	2.027	65.641
92.87500000000	2.027	65.641
93.00000000000	2.027	65.641
93.12500000000	2.027	65.641
93.25000000000	2.027	65.641
93.37500000000	2.028	65.641
93.50000000000	2.030	65.641
93.62500000000	2.032	65.641
93.75000000000	2.034	61.687
93.87500000000	2.036	61.687
94.00000000000	2.038	61.687
94.12500000000	2.041	61.687
94.25000000000	2.043	61.687
94.37500000000	2.044	61.687
94.50000000000	2.046	61.687
94.62500000000	2.047	66.207
94.75000000000	2.048	66.207
94.87500000000	2.049	66.207
95.00000000000	2.051	66.207
95.12500000000	2.052	66.207
95.25000000000	2.052	66.207
95.37500000000	2.052	66.207
95.50000000000	2.053	70.137
95.62500000000	2.053	70.137
95.75000000000	2.053	70.137
95.87500000000	2.053	70.137
96.00000000000	2.054	70.137
96.12500000000	2.055	70.137
96.25000000000	2.056	70.137
96.37500000000	2.057	66.783
96.50000000000	2.059	66.783
96.62500000000	2.060	66.783
96.75000000000	2.062	66.783
96.87500000000	2.064	66.783
97.00000000000	2.065	66.783
97.12500000000	2.067	66.783
97.25000000000	2.069	71.442
97.37500000000	2.070	71.442
97.50000000000	2.071	71.442
97.62500000000	2.071	71.442
97.75000000000	2.072	71.442
97.87500000000	2.073	71.442
98.00000000000	2.073	71.442
98.12500000000	2.072	70.783
98.25000000000	2.072	70.783
98.37500000000	2.072	70.783
98.50000000000	2.072	70.783
98.62500000000	2.072	70.783
98.75000000000	2.072	70.783
98.87500000000	2.071	70.783
99.00000000000	2.071	65.923
99.12500000000	2.070	65.923
99.25000000000	2.070	65.923
99.37500000000	2.070	65.923
99.50000000000	2.070	65.923
99.62500000000	2.070	65.923
99.75000000000	2.071	65.923
99.87500000000	2.071	66.783
100.00000000000	2.071	66.783
100.12500000000	2.071	66.783
100.25000000000	2.071	66.783
100.37500000000	2.071	66.783
100.50000000000	2.071	66.783
100.62500000000	2.071	66.783
100.75000000000	2.071	66.494
100.87500000000	2.070	66.494
101.00000000000	2.069	66.494
101.12500000000	2.069	66.494
101.25000000000	2.068	66.494
101.37500000000	2.067	66.494
101.50000000000	2.066	66.494
101.62500000000	2.065	66.494
101.75000000000	2.064	63.210
101.87500000000	2.063	63.210
102.00000000000	2.062	63.210
102.12500000000	2.061	63.210
102.25000000000	2.061	63.210
102.37500000000	2.060	63.210
102.50000000000	2.059	63.210
102.62500000000	2.058	71.442
102.75000000000	2.057	71.442
102.87500000000	2.056	71.442
103.00000000000	2.056	71.442
103.12500000000	2.055	71.442
103.25000000000	2.054	71.442
103.37500000000	2.054	69.189
103.50000000000	2.054	69.189
103.62500000000	2.056	69.189
103.75000000000	2.058	69.189
103.87500000000	2.062	69.189
104.00000000000	2.068	69.189
104.12500000000	2.076	69.189
104.25000000000	2.085	69.189
104.37500000000	2.095	64.000
104.50000000000	2.105	64.000
104.62500000000	2.116	64.000
104.75000000000	2.125	64.000
104.87500000000	2.134	64.000
105.00000000000	2.143	64.000
105.12500000000	2.151	64.000
105.25000000000	2.158	66.783
105.37500000000	2.163	66.783
105.50000000000	2.168	66.783
105.62500000000	2.172	66.783
105.75000000000	2.176	66.783
105.87500000000	2.180	66.783
106.00000000000	2.183	66.783
106.12500000000	2.186	67.965
106.25000000000	2.189	67.965
106.37500000000	2.191	67.965
106.50000000000	2.193	67.965
106.62500000000	2.193	67.965
106.75000000000	2.193	67.965
106.87500000000	2.192	67.965
107.00000000000	2.191	67.074
107.12500000000	2.190	67.074
107.25000000000	2.189	67.074
107.37500000000	2.189	67.074
107.50000000000	2.188	67.074
107.62500000000	2.188	67.074
107.75000000000	2.186	67.074
107.87500000000	2.184	72.113
108.00000000000	2.182	72.113
108.12500000000	2.180	72.113
108.25000000000	2.177	72.113
108.37500000000	2.175	72.113
108.50000000000	2.173	72.113
108.62500000000	2.171	72.113
108.75000000000	2.169	69.502
108.87500000000	2.168	69.502
109.00000000000	2.166	69.502
109.12500000000	2.164	69.502
109.25000000000	2.162	69.502
109.37500000000	2.160	69.502
109.50000000000	2.158	69.502
109.62500000000	2.157	68.267
109.75000000000	2.155	68.267
109.87500000000	2.154	68.267
110.00000000000	2.152	68.267
110.12500000000	2.151	68.267
110.25000000000	2.149	68.267
110.37500000000	2.148	68.267
110.50000000000	2.146	71.111
110.62500000000	2.145	71.111
110.75000000000	2.143	71.111
110.87500000000	2.141	71.111
111.00000000000	2.140	71.111
111.12500000000	2.139	71.111
111.25000000000	2.137	71.111
111.37500000000	2.135	66.207
111.50000000000	2.134	66.207
111.62500000000	2.132	66.207
111.75000000000	2.131	66.207
111.87500000000	2.129	66.207
112.00000000000	2.127	66.207
112.12500000000	2.126	66.207
112.25000000000	2.124	65.085
112.37500000000	2.123	65.085
112.50000000000	2.121	65.085
112.62500000000	2.120	65.085
112.75000000000	2.119	65.085
112.87500000000	2.118	65.085
113.00000000000	2.116	65.085
113.12500000000	2.115	69.818
113.25000000000	2.114	69.818
113.37500000000	2.112	69.818
113.50000000000	2.111	69.818
113.62500000000	2.110	69.818
113.75000000000	2.109	69.818
113.87500000000	2.107	69.818
114.00000000000	2.106	67.368
114.12500000000	2.105	67.368
114.25000000000	2.104	67.368
114.37500000000	2.102	67.368
114.50000000000	2.101	67.368
114.62500000000	2.100	67.368
114.75000000000	2.099	67.368
114.87500000000	2.097	67.368
115.00000000000	2.096	66.207
115.12500000000	2.095	66.207
115.25000000000	2.094	66.207
115.37500000000	2.093	66.207
115.50000000000	2.092	66.207
115.62500000000	2.091	66.207
115.75000000000	2.090	66.207
115.87500000000	2.089	67.965
116.00000000000	2.088	67.965
116.12500000000	2.087	67.965
116.25000000000	2.086	67.965
116.37500000000	2.085	67.965
116.50000000000	2.084	67.965
116.62500000000	2.083	67.965
116.75000000000	2.082	67.965
116.87500000000	2.081	67.965
117.00000000000	2.080	67.965
117.12500000000	2.080	67.965
117.25000000000	2.079	67.965
117.37500000000	2.077	67.965
117.50000000000	2.077	67.965
117.62500000000	2.076	63.471
117.75000000000	2.075	63.471
117.87500000000	2.074	63.471
118.00000000000	2.073	63.471
118.12500000000	2.072	63.471
118.25000000000	2.071	63.471
118.37500000000	2.070	63.471
118.50000000000	2.070	63.471
118.62500000000	2.069	61.687
118.75000000000	2.068	61.687
118.87500000000	2.068	61.687
119.00000000000	2.067	61.687
119.12500000000	2.067	61.687
119.25000000000	2.066	61.687
119.37500000000	2.066	61.687
119.50000000000	2.066	65.923
119.62500000000	2.066	65.923
119.75000000000	2.066	65.923
119.87500000000	2.066	65.923
120.00000000000	2.065	65.923
120.12500000000	2.065	65.923
120.25000000000	2.065	65.923
120.37500000000	2.065	65.923
120.50000000000	2.064	63.734
120.62500000000	2.064	63.734
120.75000000000	2.064	63.734
120.87500000000	2.064	63.734
121.00000000000	2.063	63.734
121.12500000000	2.063	63.734
121.25000000000	2.062	63.734
121.37500000000	2.062	65.362
121.50000000000	2.062	65.362
121.62500000000	2.061	65.362
121.75000000000	2.061	65.362
121.87500000000	2.060	65.362
122.00000000000	2.059	65.362
122.12500000000	2.059	65.362
122.25000000000	2.058	71.442
122.37500000000	2.058	71.442
122.50000000000	2.058	71.442
122.62500000000	2.057	71.442
122.75000000000	2.057	71.442
122.87500000000	2.057	71.442
123.00000000000	2.057	71.442
123.12500000000	2.057	66.207
123.25000000000	2.057	66.207
123.37500000000	2.058	66.207
123.50000000000	2.058	66.207
123.62500000000	2.059	66.207
123.75000000000	2.059	66.207
123.87500000000	2.060	66.207
124.00000000000	2.060	66.207
124.12500000000	2.061	64.268
124.25000000000	2.061	64.268
124.37500000000	2.062	64.268
124.50000000000	2.062	64.268
124.62500000000	2.062	64.268
124.75000000000	2.062	64.268
124.87500000000	2.062	64.268
125.00000000000	2.062	69.502
125.12500000000	2.062	69.502
125.25000000000	2.061	69.502
125.37500000000	2.061	69.502
125.50000000000	2.061	69.502
125.62500000000	2.060	69.502
125.75000000000	2.060	69.502
125.87500000000	2.060	67.368
126.00000000000	2.059	67.368
126.12500000000	2.058	67.368
126.25000000000	2.058	67.368
126.37500000000	2.058	67.368
126.50000000000	2.057	67.368
126.62500000000	2.057	67.368
126.75000000000	2.057	65.923
126.87500000000	2.056	65.923
127.00000000000	2.056	65.923
127.12500000000	2.056	65.923
127.25000000000	2.057	65.923
127.37500000000	2.057	65.923
127.50000000000	2.057	65.923
127.62500000000	2.056	69.818
127.75000000000	2.056	69.818
127.87500000000	2.055	69.818
128.00000000000	2.054	69.818
128.12500000000	2.054	69.818
128.25000000000	2.053	69.818
128.37500000000	2.053	69.818
128.50000000000	2.053	71.111
128.62500000000	2.053	71.111
128.75000000000	2.053	71.111
128.87500000000	2.052	71.111
129.00000000000	2.051	71.111
129.12500000000	2.051	71.111
129.25000000000	2.050	74.563
129.37500000000	2.050	74.563
129.50000000000	2.050	74.563
129.62500000000	2.049	74.563
129.75000000000	2.049	74.563
129.87500000000	2.048	74.563
130.00000000000	2.048	75.665
130.12500000000	2.047	75.665
130.25000000000	2.047	75.665
130.37500000000	2.046	75.665
130.50000000000	2.046	75.665
130.62500000000	2.045	75.665
130.75000000000	2.044	75.665
130.87500000000	2.044	73.493
131.00000000000	2.043	73.493
131.12500000000	2.043	73.493
131.25000000000	2.042	73.493
131.37500000000	2.042	73.493
131.50000000000	2.041	73.493
131.62500000000	2.041	73.493
131.75000000000	2.040	65.085
131.87500000000	2.040	65.085
132.00000000000	2.039	65.085
132.12500000000	2.039	65.085
132.25000000000	2.038	65.085
132.37500000000	2.037	65.085
132.50000000000	2.037	65.085
132.62500000000	2.036	65.085
132.75000000000	2.036	63.210
132.87500000000	2.035	63.210
133.00000000000	2.035	63.210
133.12500000000	2.035	63.210
133.25000000000	2.034	63.210
133.37500000000	2.034	63.210
133.50000000000	2.034	63.210
133.62500000000	2.033	67.665
133.75000000000	2.032	67.665
133.87500000000	2.032	67.665
134.00000000000	2.031	67.665
134.12500000000	2.031	67.665
134.25000000000	2.031	67.665
134.37500000000	2.030	67.665
134.50000000000	2.030	64.000
134.62500000000	2.029	64.000
134.75000000000	2.029	64.000
134.87500000000	2.028	64.000
135.00000000000	2.028	64.000
135.12500000000	2.028	64.000
135.25000000000	2.027	64.000
135.37500000000	2.027	64.000
135.50000000000	2.027	66.783
135.62500000000	2.027	66.783
135.75000000000	2.027	66.783
135.87500000000	2.027	66.783
136.00000000000	2.027	66.783
136.12500000000	2.028	66.783
136.25000000000	2.029	71.111
136.37500000000	2.029	71.111
136.50000000000	2.030	71.111
136.62500000000	2.031	71.111
136.75000000000	2.032	71.111
136.87500000000	2.033	71.111
137.00000000000	2.035	71.111
137.12500000000	2.036	68.267
137.25000000000	2.037	68.267
137.37500000000	2.037	68.267
137.50000000000	2.038	68.267
137.62500000000	2.039	68.267
137.75000000000	2.040	68.267
137.87500000000	2.040	68.267
138.00000000000	2.041	68.267
138.12500000000	2.042	65.362
138.25000000000	2.042	65.362
138.37500000000	2.043	65.362
138.50000000000	2.043	65.362
138.62500000000	2.043	65.362
138.75000000000	2.043	65.362
138.87500000000	2.043	65.362
139.00000000000	2.043	66.783
139.12500000000	2.043	66.783
139.25000000000	2.043	66.783
139.37500000000	2.043	66.783
139.50000000000	2.043	66.783
139.62500000000	2.043	66.783
139.75000000000	2.043	66.783
139.87500000000	2.042	66.783
140.00000000000	2.042	60.000
140.12500000000	2.041	60.000
140.25000000000	2.041	60.000
140.37500000000	2.041	60.000
140.50000000000	2.041	60.000
140.62500000000	2.040	60.000
140.75000000000	2.040	60.000
140.87500000000	2.040	60.000
141.00000000000	2.040	58.403
141.12500000000	2.040	58.403
141.25000000000	2.039	58.403
141.37500000000	2.039	58.403
141.50000000000	2.039	58.403
141.62500000000	2.038	58.403
141.75000000000	2.038	58.403
141.87500000000	2.038	58.403
142.00000000000	2.038	64.538
142.12500000000	2.038	64.538
142.25000000000	2.037	64.538
142.37500000000	2.037	64.538
142.50000000000	2.037	64.538
142.62500000000	2.036	64.538
142.75000000000	2.036	64.538
142.87500000000	2.035	64.538
143.00000000000	2.035	58.626
143.12500000000	2.035	58.626
143.25000000000	2.034	58.626
143.37500000000	2.034	58.626
143.50000000000	2.033	58.626
143.62500000000	2.033	58.626
143.75000000000	2.033	58.626
143.87500000000	2.032	58.626
144.00000000000	2.032	55.451
144.12500000000	2.032	55.451
144.25000000000	2.032	55.451
144.37500000000	2.031	55.451
144.50000000000	2.031	55.451
144.62500000000	2.031	55.451
144.75000000000	2.031	55.451
144.87500000000	2.031	55.451
145.00000000000	2.031	61.440
145.12500000000	2.031	61.440
145.25000000000	2.030	61.440
145.37500000000	2.030	61.440
145.50000000000	2.030	61.440
145.62500000000	2.029	61.440
145.75000000000	2.030	61.440
145.87500000000	2.029	61.440
146.00000000000	2.029	60.000
146.12500000000	2.029	60.000
146.25000000000	2.028	60.000
146.37500000000	2.028	60.000
146.50000000000	2.028	60.000
146.62500000000	2.027	60.000
146.75000000000	2.027	60.000
146.87500000000	2.027	60.000
147.00000000000	2.027	61.935
147.12500000000	2.026	61.935
147.25000000000	2.026	61.935
147.37500000000	2.025	61.935
147.50000000000	2.025	61.935
147.62500000000	2.025	61.935
147.75000000000	2.025	61.935
147.87500000000	2.024	66.494
148.00000000000	2.024	66.494
148.12500000000	2.024	66.494
148.25000000000	2.023	66.494
148.37500000000	2.023	66.494
148.50000000000	2.023	66.494
148.62500000000	2.023	66.494
148.75000000000	2.023	66.494
148.87500000000	2.023	62.694
149.00000000000	2.023	62.694
149.12500000000	2.023	62.694
149.25000000000	2.023	62.694
149.37500000000	2.023	62.694
149.50000000000	2.023	62.694
149.62500000000	2.023	62.694
149.75000000000	2.023	62.694
149.87500000000	2.023	61.195
150.00000000000	2.023	61.195
150.12500000000	2.022	61.195
150.25000000000	2.022	61.195
150.37500000000	2.022	61.195
150.50000000000	2.022	61.195
150.62500000000	2.022	61.195
150.75000000000	2.022	63.471
150.87500000000	2.021	63.471
151.00000000000	2.021	63.471
151.12500000000	2.021	63.471
151.25000000000	2.020	63.471
151.37500000000	2.020	63.471
151.50000000000	2.020	63.471
151.62500000000	2.021	63.471
151.75000000000	2.021	63.471
151.87500000000	2.022	56.058
152.00000000000	2.023	56.058
152.12500000000	2.025	56.058
152.25000000000	2.027	56.058
152.37500000000	2.028	56.058
152.50000000000	2.030	56.058
152.62500000000	2.031	56.058
152.75000000000	2.033	56.058
152.87500000000	2.034	57.528
153.00000000000	2.035	57.528
153.12500000000	2.036	57.528
153.25000000000	2.037	57.528
153.37500000000	2.037	57.528
153.50000000000	2.038	57.528
153.62500000000	2.038	57.528
153.75000000000	2.039	57.528
153.87500000000	2.038	60.235
154.00000000000	2.039	60.235
154.12500000000	2.039	60.235
154.25000000000	2.039	60.235
154.37500000000	2.039	60.235
154.50000000000	2.039	60.235
154.62500000000	2.039	60.235
154.75000000000	2.039	60.235
154.87500000000	2.039	57.962
155.00000000000	2.039	57.962
155.12500000000	2.039	57.962
155.25000000000	2.038	57.962
155.37500000000	2.038	57.962
155.50000000000	2.038	57.962
155.62500000000	2.038	57.962
155.75000000000	2.038	57.962
155.87500000000	2.037	62.439
156.00000000000	2.037	62.439
156.12500000000	2.037	62.439
156.25000000000	2.036	62.439
156.37500000000	2.036	62.439
156.50000000000	2.036	62.439
156.62500000000	2.036	62.439
156.75000000000	2.036	62.439
156.87500000000	2.036	61.440
157.00000000000	2.036	61.440
157.12500000000	2.036	61.440
157.25000000000	2.036	61.440
157.37500000000	2.035	61.440
157.50000000000	2.035	61.440
157.62500000000	2.034	61.440
157.75000000000	2.034	63.734
157.87500000000	2.033	63.734
158.00000000000	2.033	63.734
158.12500000000	2.033	63.734
158.25000000000	2.032	63.734
158.37500000000	2.032	63.734
158.50000000000	2.031	63.734
158.62500000000	2.031	70.783
158.75000000000	2.030	70.783
158.87500000000	2.030	70.783
159.00000000000	2.029	70.783
159.12500000000	2.029	70.783
159.25000000000	2.029	70.783
159.37500000000	2.029	70.783
159.50000000000	2.029	67.965
159.62500000000	2.029	67.965
159.75000000000	2.030	67.965
159.87500000000	2.031	67.965
160.00000000000	2.032	67.965
160.12500000000	2.034	67.965
160.25000000000	2.035	67.965
160.37500000000	2.036	72.113
160.50000000000	2.037	72.113
160.62500000000	2.038	72.113
160.75000000000	2.039	72.113
160.87500000000	2.039	72.113
161.00000000000	2.040	72.113
161.12500000000	2.041	72.113
161.25000000000	2.042	70.137
161.37500000000	2.043	70.137
161.50000000000	2.045	70.137
161.62500000000	2.047	70.137
161.75000000000	2.050	70.137
161.87500000000	2.053	70.137
162.00000000000	2.057	70.137
162.12500000000	2.061	65.362
162.25000000000	2.064	65.362
162.37500000000	2.067	65.362
162.50000000000	2.070	65.362
162.62500000000	2.072	65.362
162.75000000000	2.074	65.362
162.87500000000	2.076	65.362
163.00000000000	2.077	65.923
163.12500000000	2.079	65.923
163.25000000000	2.080	65.923
163.37500000000	2.081	65.923
163.50000000000	2.082	65.923
163.62500000000	2.082	65.923
163.75000000000	2.083	65.923
163.87500000000	2.083	65.923
164.00000000000	2.083	64.810
164.12500000000	2.083	64.810
164.25000000000	2.082	64.810
164.37500000000	2.082	64.810
164.50000000000	2.081	64.810
164.62500000000	2.081	64.810
164.75000000000	2.081	64.810
164.87500000000	2.080	64.810
165.00000000000	2.079	60.952
165.12500000000	2.078	60.952
165.25000000000	2.077	60.952
165.37500000000	2.076	60.952
165.50000000000	2.076	60.952
165.62500000000	2.075	60.952
165.75000000000	2.074	60.952
165.87500000000	2.073	62.694
166.00000000000	2.073	62.694
166.12500000000	2.072	62.694
166.25000000000	2.071	62.694
166.37500000000	2.070	62.694
166.50000000000	2.070	62.694
166.62500000000	2.069	62.694
166.75000000000	2.068	67.665
166.87500000000	2.068	67.665
167.00000000000	2.068	67.665
167.12500000000	2.067	67.665
167.25000000000	2.067	67.665
167.37500000000	2.066	67.665
167.50000000000	2.067	67.665
167.62500000000	2.067	67.665
167.75000000000	2.067	66.207
167.87500000000	2.068	66.207
168.00000000000	2.068	66.207
168.12500000000	2.069	66.207
168.25000000000	2.070	66.207
168.37500000000	2.070	66.207
168.50000000000	2.071	66.207
168.62500000000	2.071	65.362
168.75000000000	2.072	65.362
168.87500000000	2.072	65.362
169.00000000000	2.072	65.362
169.12500000000	2.072	65.362
169.25000000000	2.072	65.362
169.37500000000	2.072	65.362
169.50000000000	2.072	71.111
169.62500000000	2.071	71.111
169.75000000000	2.071	71.111
169.87500000000	2.071	71.111
170.00000000000	2.070	71.111
170.12500000000	2.070	71.111
170.25000000000	2.069	71.111
170.37500000000	2.069	67.665
170.50000000000	2.069	67.665
170.62500000000	2.068	67.665
170.75000000000	2.067	67.665
170.87500000000	2.066	67.665
171.00000000000	2.066	67.665
171.12500000000	2.065	67.665
171.25000000000	2.064	65.641
171.37500000000	2.064	65.641
171.50000000000	2.064	65.641
171.62500000000	2.063	65.641
171.75000000000	2.062	65.641
171.87500000000	2.062	65.641
172.00000000000	2.061	65.641
172.12500000000	2.060	69.818
172.25000000000	2.060	69.818
172.37500000000	2.059	69.818
172.50000000000	2.058	69.818
172.62500000000	2.058	69.818
172.75000000000	2.057	69.818
172.87500000000	2.057	69.818
173.00000000000	2.056	67.074
173.12500000000	2.056	67.074
173.25000000000	2.055	67.074
173.37500000000	2.054	67.074
173.50000000000	2.054	67.074
173.62500000000	2.053	67.074
173.75000000000	2.053	67.074
173.87500000000	2.052	67.074
174.00000000000	2.052	64.000
174.12500000000	2.052	64.000
174.25000000000	2.051	64.000
174.37500000000	2.051	64.000
174.50000000000	2.050	64.000
174.62500000000	2.049	64.000
174.75000000000	2.048	64.000
174.87500000000	2.048	66.494
175.00000000000	2.048	66.494
175.12500000000	2.047	66.494
175.25000000000	2.047	66.494
175.37500000000	2.047	66.494
175.50000000000	2.047	66.494
175.62500000000	2.046	66.494
175.75000000000	2.046	66.207
175.87500000000	2.045	66.207
176.00000000000	2.045	66.207
176.12500000000	2.044	66.207
176.25000000000	2.044	66.207
176.37500000000	2.044	66.207
176.50000000000	2.043	66.207
176.62500000000	2.043	66.207
176.75000000000	2.043	63.734
176.87500000000	2.042	63.734
177.00000000000	2.042	63.734
177.12500000000	2.042	63.734
177.25000000000	2.041	63.734
177.37500000000	2.041	63.734
177.50000000000	2.040	63.734
177.62500000000	2.040	66.207
177.75000000000	2.039	66.207
177.87500000000	2.039	66.207
178.00000000000	2.038	66.207
178.12500000000	2.038	66.207
178.25000000000	2.038	66.207
178.37500000000	2.038	66.207
178.50000000000	2.037	65.362
178.62500000000	2.037	65.362
178.75000000000	2.036	65.362
178.87500000000	2.036	65.362
179.00000000000	2.035	65.362
179.12500000000	2.035	65.362
179.25000000000	2.034	65.362
179.37500000000	2.034	65.362
179.50000000000	2.033	63.210
179.62500000000	2.033	63.210
179.75000000000	2.032	63.210
179.87500000000	2.032	63.210
180.00000000000	2.032	63.210
180.12500000000	2.032	63.210
180.25000000000	2.031	63.210
180.37500000000	2.031	65.923
180.50000000000	2.030	65.923
180.62500000000	2.030	65.923
180.75000000000	2.030	65.923
180.87500000000	2.029	65.923
181.00000000000	2.029	65.923
181.12500000000	2.029	65.923
181.25000000000	2.029	65.923
181.37500000000	2.028	62.951
181.50000000000	2.028	62.951
181.62500000000	2.028	62.951
181.75000000000	2.028	62.951
181.87500000000	2.028	62.951
182.00000000000	2.029	62.951
182.12500000000	2.029	62.951
182.25000000000	2.029	62.951
182.37500000000	2.029	61.440
182.50000000000	2.029	61.440
182.62500000000	2.029	61.440
182.75000000000	2.029	61.440
182.87500000000	2.029	61.440
183.00000000000	2.030	61.440
183.12500000000	2.030	61.440
183.25000000000	2.030	66.494
183.37500000000	2.029	66.494
183.50000000000	2.030	66.494
183.62500000000	2.029	66.494
183.75000000000	2.029	66.494
183.87500000000	2.029	66.494
184.00000000000	2.029	66.494
184.12500000000	2.029	64.810
184.25000000000	2.029	64.810
184.37500000000	2.029	64.810
184.50000000000	2.029	64.810
184.62500000000	2.029	64.810
184.75000000000	2.030	64.810
184.87500000000	2.030	64.810
185.00000000000	2.030	64.810
185.12500000000	2.031	63.210
185.25000000000	2.031	63.210
185.37500000000	2.031	63.210
185.50000000000	2.032	63.210
185.62500000000	2.033	63.210
185.75000000000	2.033	63.210
185.87500000000	2.033	63.210
186.00000000000	2.033	67.368
186.12500000000	2.033	67.368
186.25000000000	2.033	67.368
186.37500000000	2.033	67.368
186.50000000000	2.033	67.368
186.62500000000	2.034	67.368
186.75000000000	2.033	67.368
186.87500000000	2.033	65.085
187.00000000000	2.033	65.085
187.12500000000	2.033	65.085
187.25000000000	2.032	65.085
187.37500000000	2.032	65.085
187.50000000000	2.032	65.085
187.62500000000	2.032	65.085
187.75000000000	2.032	65.085
187.87500000000	2.032	65.085
188.00000000000	2.031	65.085
188.12500000000	2.031	65.085
188.25000000000	2.031	65.085
188.37500000000	2.031	65.085
188.50000000000	2.031	65.085
188.62500000000	2.031	65.085
188.75000000000	2.030	68.879
188.87500000000	2.030	68.879
189.00000000000	2.030	68.879
189.12500000000	2.030	68.879
189.25000000000	2.030	68.879
189.37500000000	2.029	68.879
189.50000000000	2.029	68.879
189.62500000000	2.029	67.665
189.75000000000	2.028	67.665
189.87500000000	2.028	67.665
190.00000000000	2.027	67.665
190.12500000000	2.027	67.665
190.25000000000	2.026	67.665
190.37500000000	2.026	67.665
190.50000000000	2.026	65.641
190.62500000000	2.025	65.641
190.75000000000	2.025	65.641
190.87500000000	2.024	65.641
191.00000000000	2.024	65.641
191.12500000000	2.024	65.641
191.25000000000	2.024	65.641
191.37500000000	2.024	70.459
191.50000000000	2.023	70.459
191.62500000000	2.023	70.459
191.75000000000	2.023	70.459
191.87500000000	2.022	70.459
192.00000000000	2.022	70.459
192.12500000000	2.022	70.459
192.25000000000	2.021	65.641
192.37500000000	2.021	65.641
192.50000000000	2.020	65.641
192.62500000000	2.020	65.641
192.75000000000	2.020	65.641
192.87500000000	2.020	65.641
193.00000000000	2.020	65.641
193.12500000000	2.019	65.641
193.25000000000	2.019	61.440
193.37500000000	2.019	61.440
193.50000000000	2.019	61.440
193.62500000000	2.019	61.440
193.75000000000	2.018	61.440
193.87500000000	2.018	61.440
194.00000000000	2.018	61.440
194.12500000000	2.017	65.923
194.25000000000	2.017	65.923
194.37500000000	2.016	65.923
194.50000000000	2.016	65.923
194.62500000000	2.016	65.923
194.75000000000	2.016	65.923
194.87500000000	2.015	65.923
195.00000000000	2.015	65.923
195.12500000000	2.015	64.810
195.25000000000	2.014	64.810
195.37500000000	2.014	64.810
195.50000000000	2.013	64.810
195.62500000000	2.013	64.810
195.75000000000	2.013	64.810
195.87500000000	2.012	64.810
196.00000000000	2.012	64.810
196.12500000000	2.012	61.935
196.25000000000	2.011	61.935
196.37500000000	2.011	61.935
196.50000000000	2.011	61.935
196.62500000000	2.010	61.935
196.75000000000	2.010	61.935
196.87500000000	2.009	61.935
197.00000000000	2.009	65.362
197.12500000000	2.008	65.362
197.25000000000	2.008	65.362
197.37500000000	2.008	65.362
197.50000000000	2.008	65.362
197.62500000000	2.007	65.362
197.75000000000	2.007	65.362
197.87500000000	2.006	66.494
198.00000000000	2.006	66.494
198.12500000000	2.006	66.494
198.25000000000	2.005	66.494
198.37500000000	2.005	66.494
198.50000000000	2.005	66.494
198.62500000000	2.004	66.494
198.75000000000	2.004	66.494
198.87500000000	2.003	64.268
199.00000000000	2.003	64.268
199.12500000000	2.002	64.268
199.25000000000	2.002	64.268
199.37500000000	2.002	64.268
199.50000000000	2.002	64.268
199.62500000000	2.001	64.268
199.75000000000	2.001	67.965
199.87500000000	2.001	67.965
200.00000000000	2.000	67.965
200.12500000000	2.000	67.965
200.25000000000	1.999	67.965
200.37500000000	1.999	67.965
200.50000000000	1.999	67.965
200.62500000000	1.999	65.362
200.75000000000	1.998	65.362
200.87500000000	1.998	65.362
201.00000000000	1.998	65.362
201.12500000000	1.997	65.362
201.25000000000	1.997	65.362
201.37500000000	1.997	65.362
201.50000000000	1.996	65.362
201.62500000000	1.996	63.210
201.75000000000	1.995	63.210
201.87500000000	1.995	63.210
202.00000000000	1.995	63.210
202.12500000000	1.994	63.210
202.25000000000	1.994	63.210
202.37500000000	1.994	63.210
202.50000000000	1.993	65.085
202.62500000000	1.993	65.085
202.75000000000	1.993	65.085
202.87500000000	1.992	65.085
203.00000000000	1.992	65.085
203.12500000000	1.992	65.085
203.25000000000	1.991	65.085
203.37500000000	1.991	69.189
203.50000000000	1.991	69.189
203.62500000000	1.991	69.189
203.75000000000	1.991	69.189
203.87500000000	1.991	69.189
204.00000000000	1.991	69.189
204.12500000000	1.990	69.189
204.25000000000	1.990	65.641
204.37500000000	1.990	65.641
204.50000000000	1.991	65.641
204.62500000000	1.991	65.641
204.75000000000	1.991	65.641
204.87500000000	1.991	65.641
205.00000000000	1.992	65.641
205.12500000000	1.992	65.641
205.25000000000	1.991	63.210
205.37500000000	1.991	63.210
205.50000000000	1.991	63.210
205.62500000000	1.991	63.210
205.75000000000	1.991	63.210
205.87500000000	1.991	63.210
206.00000000000	1.991	63.210
206.12500000000	1.991	66.207
206.25000000000	1.990	66.207
206.37500000000	1.990	66.207
206.50000000000	1.990	66.207
206.62500000000	1.990	66.207
206.75000000000	1.990	66.207
206.87500000000	1.989	66.207
207.00000000000	1.989	66.494
207.12500000000	1.989	66.494
207.25000000000	1.989	66.494
207.37500000000	1.988	66.494
207.50000000000	1.988	66.494
207.62500000000	1.988	66.494
207.75000000000	1.988	66.494
207.87500000000	1.988	66.494
208.00000000000	1.988	64.538
208.12500000000	1.987	64.538
208.25000000000	1.987	64.538
208.37500000000	1.987	64.538
208.50000000000	1.986	64.538
208.62500000000	1.987	64.538
208.75000000000	1.986	64.538
208.87500000000	1.986	67.074
209.00000000000	1.986	67.074
209.12500000000	1.986	67.074
209.25000000000	1.986	67.074
209.37500000000	1.986	67.074
209.50000000000	1.985	67.074
209.62500000000	1.985	67.074
209.75000000000	1.985	71.442
209.87500000000	1.985	71.442
210.00000000000	1.984	71.442
210.12500000000	1.984	71.442
210.25000000000	1.984	71.442
210.37500000000	1.984	71.442
210.50000000000	1.984	71.442
210.62500000000	1.984	68.879
210.75000000000	1.985	68.879
210.87500000000	1.985	68.879
211.00000000000	1.986	68.879
211.12500000000	1.987	68.879
211.25000000000	1.987	68.879
211.37500000000	1.987	68.879
211.50000000000	1.987	65.923
211.62500000000	1.988	65.923
211.75000000000	1.988	65.923
211.87500000000	1.988	65.923
212.00000000000	1.989	65.923
212.12500000000	1.989	65.923
212.25000000000	1.989	65.923
212.37500000000	1.989	66.207
212.50000000000	1.989	66.207
212.62500000000	1.989	66.207
212.75000000000	1.989	66.207
212.87500000000	1.989	66.207
213.00000000000	1.989	66.207
213.12500000000	1.989	66.207
213.25000000000	1.989	70.783
213.37500000000	1.988	70.783
213.50000000000	1.988	70.783
213.62500000000	1.988	70.783
213.75000000000	1.987	70.783
213.87500000000	1.988	70.783
214.00000000000	1.988	74.563
214.12500000000	1.988	74.563
214.25000000000	1.987	74.563
214.37500000000	1.986	74.563
214.50000000000	1.986	74.563
214.62500000000	1.985	74.563
214.75000000000	1.985	74.563
214.87500000000	1.985	76.800
215.00000000000	1.984	76.800
215.12500000000	1.984	76.800
215.25000000000	1.984	76.800
215.37500000000	1.984	76.800
215.50000000000	1.984	76.800
215.62500000000	1.985	77.576
215.75000000000	1.985	77.576
215.87500000000	1.985	77.576
216.00000000000	1.986	77.576
216.12500000000	1.986	77.576
216.25000000000	1.986	77.576
216.37500000000	1.986	77.970
216.50000000000	1.986	77.970
216.62500000000	1.987	77.970
216.75000000000	1.986	77.970
216.87500000000	1.986	77.970
217.00000000000	1.986	77.970
217.12500000000	1.986	79.175
217.25000000000	1.986	79.175
217.37500000000	1.986	79.175
217.50000000000	1.986	79.175
217.62500000000	1.986	79.175
217.75000000000	1.985	79.175
217.87500000000	1.985	79.175
218.00000000000	1.985	72.113
218.12500000000	1.985	72.113
218.25000000000	1.986	72.113
218.37500000000	1.986	72.113
218.50000000000	1.987	72.113
218.62500000000	1.987	72.113
218.75000000000	1.988	72.113
218.87500000000	1.988	67.965
219.00000000000	1.989	67.965
219.12500000000	1.989	67.965
219.25000000000	1.989	67.965
219.37500000000	1.990	67.965
219.50000000000	1.990	67.965
219.62500000000	1.990	73.846
219.75000000000	1.990	73.846
219.87500000000	1.989	73.846
220.00000000000	1.990	73.846
220.12500000000	1.989	73.846
220.25000000000	1.989	73.846
220.37500000000	1.989	73.846
220.50000000000	1.989	71.776
220.62500000000	1.989	71.776
220.75000000000	1.989	71.776
220.87500000000	1.989	71.776
221.00000000000	1.989	71.776
221.12500000000	1.989	71.776
221.25000000000	1.990	71.776
221.37500000000	1.990	71.111
221.50000000000	1.990	71.111
221.62500000000	1.991	71.111
221.75000000000	1.991	71.111
221.87500000000	1.991	71.111
222.00000000000	1.991	71.111
222.12500000000	1.992	72.453
222.25000000000	1.992	72.453
222.37500000000	1.992	72.453
222.50000000000	1.992	72.453
222.62500000000	1.991	72.453
222.75000000000	1.991	72.453
222.87500000000	1.991	72.453
223.00000000000	1.991	76.040
223.12500000000	1.991	76.040
223.25000000000	1.991	76.040
223.37500000000	1.990	76.040
223.50000000000	1.990	76.040
223.62500000000	1.989	76.040
223.75000000000	1.989	71.776
223.87500000000	1.988	71.776
224.00000000000	1.988	71.776
224.12500000000	1.988	71.776
224.25000000000	1.988	71.776
224.37500000000	1.987	71.776
224.50000000000	1.987	71.776
224.62500000000	1.987	68.571
224.75000000000	1.987	68.571
224.87500000000	1.986	68.571
225.00000000000	1.986	68.571
225.12500000000	1.985	68.571
225.25000000000	1.985	68.571
225.37500000000	1.985	68.571
225.50000000000	1.985	71.111
225.62500000000	1.984	71.111
225.75000000000	1.984	71.111
225.87500000000	1.984	71.111
226.00000000000	1.984	71.111
226.12500000000	1.983	71.111
226.25000000000	1.983	71.111
226.37500000000	1.982	70.459
226.50000000000	1.982	70.459
226.62500000000	1.982	70.459
226.75000000000	1.981	70.459
226.87500000000	1.981	70.459
227.00000000000	1.981	70.459
227.12500000000	1.980	70.459
227.25000000000	1.980	67.368
227.37500000000	1.980	67.368
227.50000000000	1.980	67.368
227.62500000000	1.980	67.368
227.75000000000	1.980	67.368
227.87500000000	1.980	67.368
228.00000000000	1.979	67.368
228.12500000000	1.979	68.571
228.25000000000	1.979	68.571
228.37500000000	1.978	68.571
228.50000000000	1.978	68.571
228.62500000000	1.978	68.571
228.75000000000	1.978	68.571
228.87500000000	1.977	68.571
229.00000000000	1.977	70.783
229.12500000000	1.977	70.783
229.25000000000	1.977	70.783
229.37500000000	1.977	70.783
229.50000000000	1.977	70.783
229.62500000000	1.976	70.783
229.75000000000	1.976	70.783
229.87500000000	1.976	68.267
230.00000000000	1.975	68.267
230.12500000000	1.975	68.267
230.25000000000	1.975	68.267
230.37500000000	1.974	68.267
230.50000000000	1.974	68.267
230.62500000000	1.974	68.267
230.75000000000	1.974	69.502
230.87500000000	1.974	69.502
231.00000000000	1.974	69.502
231.12500000000	1.974	69.502
231.25000000000	1.974	69.502
231.37500000000	1.973	69.502
231.50000000000	1.973	75.665
231.62500000000	1.974	75.665
231.75000000000	1.974	75.665
231.87500000000	1.975	75.665
232.00000000000	1.976	75.665
232.12500000000	1.978	75.665
232.25000000000	1.981	80.000
232.37500000000	1.985	80.000
232.50000000000	1.990	80.000
232.62500000000	1.997	80.000
232.75000000000	2.004	80.000
232.87500000000	2.013	80.000
233.00000000000	2.022	76.040
233.12500000000	2.031	76.040
233.25000000000	2.041	76.040
233.37500000000	2.050	76.040
233.50000000000	2.058	76.040
233.62500000000	2.065	76.040
233.75000000000	2.072	76.040
233.87500000000	2.078	71.111
234.00000000000	2.083	71.111
234.12500000000	2.088	71.111
234.25000000000	2.094	71.111
234.37500000000	2.099	71.111
234.50000000000	2.103	71.111
234.62500000000	2.107	71.111
234.75000000000	2.111	70.783
234.87500000000	2.115	70.783
235.00000000000	2.117	70.783
235.12500000000	2.120	70.783
235.25000000000	2.123	70.783
235.37500000000	2.126	70.783
235.50000000000	2.128	76.040
235.62500000000	2.131	76.040
235.75000000000	2.135	76.040
235.87500000000	2.139	76.040
236.00000000000	2.144	76.040
236.12500000000	2.150	76.040
236.25000000000	2.157	76.040
236.37500000000	2.164	71.442
236.50000000000	2.170	71.442
236.62500000000	2.176	71.442
236.75000000000	2.182	71.442
236.87500000000	2.187	71.442
237.00000000000	2.192	71.442
237.12500000000	2.197	71.442
237.25000000000	2.201	67.368
237.37500000000	2.204	67.368
237.50000000000	2.207	67.368
237.62500000000	2.209	67.368
237.75000000000	2.210	67.368
237.87500000000	2.212	67.368
238.00000000000	2.214	67.368
238.12500000000	2.214	67.368
238.25000000000	2.214	67.368
238.37500000000	2.213	67.368
238.50000000000	2.212	67.368
238.62500000000	2.210	67.368
238.75000000000	2.208	67.368
238.87500000000	2.204	67.368
239.00000000000	2.201	66.207
239.12500000000	2.198	66.207
239.25000000000	2.195	66.207
239.37500000000	2.192	66.207
239.50000000000	2.189	66.207
239.62500000000	2.185	66.207
239.75000000000	2.183	66.207
239.87500000000	2.181	66.207
240.00000000000	2.180	61.195
240.12500000000	2.181	61.195
240.25000000000	2.183	61.195
240.37500000000	2.186	61.195
240.50000000000	2.191	61.195
240.62500000000	2.195	61.195
240.75000000000	2.200	61.195
240.87500000000	2.205	61.195
241.00000000000	2.209	62.186
241.12500000000	2.213	62.186
241.25000000000	2.215	62.186
241.37500000000	2.218	62.186
241.50000000000	2.219	62.186
241.62500000000	2.220	62.186
241.75000000000	2.220	62.186
241.87500000000	2.219	66.207
242.00000000000	2.218	66.207
242.12500000000	2.218	66.207
242.25000000000	2.218	66.207
242.37500000000	2.217	66.207
242.50000000000	2.218	66.207
242.62500000000	2.219	66.207
242.75000000000	2.220	66.207
242.87500000000	2.223	64.268
243.00000000000	2.226	64.268
243.12500000000	2.230	64.268
243.25000000000	2.234	64.268
243.37500000000	2.238	64.268
243.50000000000	2.241	64.268
243.62500000000	2.243	64.268
243.75000000000	2.245	62.951
243.87500000000	2.246	62.951
244.00000000000	2.246	62.951
244.12500000000	2.245	62.951
244.25000000000	2.245	62.951
244.37500000000	2.243	62.951
244.50000000000	2.241	62.951
244.62500000000	2.240	66.207
244.75000000000	2.239	66.207
244.87500000000	2.236	66.207
245.00000000000	2.234	66.207
245.12500000000	2.232	66.207
245.25000000000	2.229	66.207
245.37500000000	2.227	66.207
245.50000000000	2.225	66.207
245.62500000000	2.222	65.362
245.75000000000	2.219	65.362
245.87500000000	2.216	65.362
246.00000000000	2.213	65.362
246.12500000000	2.211	65.362
246.25000000000	2.208	65.362
246.37500000000	2.207	65.362
246.50000000000	2.206	63.210
246.62500000000	2.207	63.210
246.75000000000	2.208	63.210
246.87500000000	2.210	63.210
247.00000000000	2.212	63.210
247.12500000000	2.215	63.210
247.25000000000	2.217	63.210
247.37500000000	2.220	63.210
247.50000000000	2.222	64.810
247.62500000000	2.223	64.810
247.75000000000	2.224	64.810
247.87500000000	2.224	64.810
248.00000000000	2.224	64.810
248.12500000000	2.224	64.810
248.25000000000	2.223	64.810
248.37500000000	2.221	66.783
248.50000000000	2.220	66.783
248.62500000000	2.218	66.783
248.75000000000	2.216	66.783
248.87500000000	2.215	66.783
249.00000000000	2.213	66.783
249.12500000000	2.210	66.783
249.25000000000	2.208	64.268
249.37500000000	2.205	64.268
249.50000000000	2.203	64.268
249.62500000000	2.200	64.268
249.75000000000	2.198	64.268
249.87500000000	2.196	64.268
250.00000000000	2.194	64.268
250.12500000000	2.192	64.268
250.25000000000	2.190	66.494
250.37500000000	2.188	66.494
250.50000000000	2.186	66.494
250.62500000000	2.184	66.494
250.75000000000	2.182	66.494
250.87500000000	2.181	66.494
251.00000000000	2.179	66.494
251.12500000000	2.177	70.137
251.25000000000	2.176	70.137
251.37500000000	2.175	70.137
251.50000000000	2.174	70.137
251.62500000000	2.173	70.137
251.75000000000	2.171	70.137
251.87500000000	2.170	70.137
252.00000000000	2.168	67.074
252.12500000000	2.167	67.074
252.25000000000	2.166	67.074
252.37500000000	2.165	67.074
252.50000000000	2.164	67.074
252.62500000000	2.163	67.074
252.75000000000	2.162	67.074
252.87500000000	2.161	67.074
253.00000000000	2.160	67.074
253.12500000000	2.159	67.074
253.25000000000	2.158	67.074
253.37500000000	2.157	67.074
253.50000000000	2.157	67.074
253.62500000000	2.157	67.074
253.75000000000	2.156	71.111
253.87500000000	2.155	71.111
254.00000000000	2.154	71.111
254.12500000000	2.154	71.111
254.25000000000	2.153	71.111
254.37500000000	2.152	71.111
254.50000000000	2.151	71.111
254.62500000000	2.151	69.502
254.75000000000	2.150	69.502
254.87500000000	2.149	69.502
255.00000000000	2.148	69.502
255.12500000000	2.148	69.502
255.25000000000	2.147	69.502
255.37500000000	2.146	69.189
255.50000000000	2.145	69.189
255.62500000000	2.144	69.189
255.75000000000	2.144	69.189
255.87500000000	2.143	69.189
256.00000000000	2.142	69.189
256.12500000000	2.142	69.189
256.25000000000	2.141	68.879
256.37500000000	2.140	68.879
256.50000000000	2.139	68.879
256.62500000000	2.138	68.879
256.75000000000	2.138	68.879
256.87500000000	2.137	68.879
257.00000000000	2.136	68.879
257.12500000000	2.135	72.796
257.25000000000	2.134	72.796
257.37500000000	2.134	72.796
257.50000000000	2.133	72.796
257.62500000000	2.132	72.796
257.75000000000	2.131	72.796
257.87500000000	2.130	72.796
258.00000000000	2.129	69.818
258.12500000000	2.128	69.818
258.25000000000	2.127	69.818
258.37500000000	2.126	69.818
258.50000000000	2.125	69.818
258.62500000000	2.124	69.818
258.75000000000	2.123	69.818
258.87500000000	2.122	68.571
259.00000000000	2.121	68.571
259.12500000000	2.121	68.571
259.25000000000	2.120	68.571
259.37500000000	2.119	68.571
259.50000000000	2.118	68.571
259.62500000000	2.117	68.571
259.75000000000	2.117	67.965
259.87500000000	2.116	67.965
260.00000000000	2.115	67.965
260.12500000000	2.114	67.965
260.25000000000	2.113	67.965
260.37500000000	2.112	67.965
260.50000000000	2.111	67.965
260.62500000000	2.110	71.442
260.75000000000	2.109	71.442
260.87500000000	2.109	71.442
261.00000000000	2.108	71.442
261.12500000000	2.108	71.442
261.25000000000	2.108	71.442
261.37500000000	2.109	71.442
261.50000000000	2.110	67.368
261.62500000000	2.112	67.368
261.75000000000	2.114	67.368
261.87500000000	2.117	67.368
262.00000000000	2.120	67.368
262.12500000000	2.124	67.368
262.25000000000	2.127	67.368
262.37500000000	2.130	65.923
262.50000000000	2.132	65.923
262.62500000000	2.134	65.923
262.75000000000	2.136	65.923
262.87500000000	2.138	65.923
263.00000000000	2.139	65.923
263.12500000000	2.140	65.923
263.25000000000	2.140	70.137
263.37500000000	2.141	70.137
263.50000000000	2.141	70.137
263.62500000000	2.140	70.137
263.75000000000	2.140	70.137
263.87500000000	2.139	70.137
264.00000000000	2.139	70.137
264.12500000000	2.138	69.502
264.25000000000	2.136	69.502
264.37500000000	2.135	69.502
264.50000000000	2.134	69.502
264.62500000000	2.134	69.502
264.75000000000	2.133	69.502
264.87500000000	2.132	69.502
265.00000000000	2.131	67.665
265.12500000000	2.130	67.665
265.25000000000	2.130	67.665
265.37500000000	2.129	67.665
265.50000000000	2.128	67.665
265.62500000000	2.127	67.665
265.75000000000	2.126	67.665
265.87500000000	2.126	67.965
266.00000000000	2.125	67.965
266.12500000000	2.124	67.965
266.25000000000	2.124	67.965
266.37500000000	2.124	67.965
266.50000000000	2.124	67.965
266.62500000000	2.124	67.965
266.75000000000	2.124	71.111
266.87500000000	2.124	71.111
267.00000000000	2.124	71.111
267.12500000000	2.124	71.111
267.25000000000	2.124	71.111
267.37500000000	2.124	71.111
267.50000000000	2.124	71.111
267.62500000000	2.123	68.571
267.75000000000	2.123	68.571
267.87500000000	2.123	68.571
268.00000000000	2.122	68.571
268.12500000000	2.122	68.571
268.25000000000	2.121	68.571
268.37500000000	2.120	68.571
268.50000000000	2.120	65.362
268.62500000000	2.119	65.362
268.75000000000	2.119	65.362
268.87500000000	2.118	65.362
269.00000000000	2.117	65.362
269.12500000000	2.116	65.362
269.25000000000	2.115	65.362
269.37500000000	2.115	65.641
269.50000000000	2.114	65.641
269.62500000000	2.114	65.641
269.75000000000	2.113	65.641
269.87500000000	2.113	65.641
270.00000000000	2.112	65.641
270.12500000000	2.111	65.641
270.25000000000	2.111	68.571
270.37500000000	2.110	68.571
270.50000000000	2.109	68.571
270.62500000000	2.109	68.571
270.75000000000	2.110	68.571
270.87500000000	2.110	68.571
271.00000000000	2.111	68.571
271.12500000000	2.112	68.571
271.25000000000	2.114	68.571
271.37500000000	2.116	68.571
271.50000000000	2.119	68.571
271.62500000000	2.121	68.571
271.75000000000	2.125	68.571
271.87500000000	2.128	68.571
272.00000000000	2.131	68.571
272.12500000000	2.134	67.368
272.25000000000	2.136	67.368
272.37500000000	2.138	67.368
272.50000000000	2.139	67.368
272.62500000000	2.140	67.368
272.75000000000	2.141	67.368
272.87500000000	2.142	67.368
273.00000000000	2.142	63.471
273.12500000000	2.143	63.471
273.25000000000	2.143	63.471
273.37500000000	2.144	63.471
273.50000000000	2.144	63.471
273.62500000000	2.145	63.471
273.75000000000	2.145	63.471
273.87500000000	2.146	68.267
274.00000000000	2.146	68.267
274.12500000000	2.146	68.267
274.25000000000	2.147	68.267
274.37500000000	2.147	68.267
274.50000000000	2.147	68.267
274.62500000000	2.147	68.267
274.75000000000	2.147	73.493
274.87500000000	2.146	73.493
275.00000000000	2.146	73.493
275.12500000000	2.146	73.493
275.25000000000	2.146	73.493
275.37500000000	2.146	73.493
275.50000000000	2.145	75.294
275.62500000000	2.145	75.294
275.75000000000	2.145	75.294
275.87500000000	2.144	75.294
276.00000000000	2.144	75.294
276.12500000000	2.144	75.294
276.25000000000	2.143	75.294
276.37500000000	2.142	68.267
276.50000000000	2.142	68.267
276.62500000000	2.141	68.267
276.75000000000	2.142	68.267
276.87500000000	2.142	68.267
277.00000000000	2.144	68.267
277.12500000000	2.146	68.267
277.25000000000	2.149	68.267
277.37500000000	2.153	64.000
277.50000000000	2.157	64.000
277.62500000000	2.161	64.000
277.75000000000	2.165	64.000
277.87500000000	2.169	64.000
278.00000000000	2.172	64.000
278.12500000000	2.176	64.000
278.25000000000	2.179	66.494
278.37500000000	2.182	66.494
278.50000000000	2.184	66.494
278.62500000000	2.186	66.494
278.75000000000	2.187	66.494
278.87500000000	2.189	66.494
279.00000000000	2.190	66.494
279.12500000000	2.191	66.494
279.25000000000	2.194	66.494
279.37500000000	2.198	66.494
279.50000000000	2.204	66.494
279.62500000000	2.211	66.494
279.75000000000	2.221	66.494
279.87500000000	2.232	66.494
280.00000000000	2.244	66.494
280.12500000000	2.256	63.210
280.25000000000	2.266	63.210
280.37500000000	2.275	63.210
280.50000000000	2.283	63.210
280.62500000000	2.289	63.210
280.75000000000	2.293	63.210
280.87500000000	2.297	63.210
281.00000000000	2.299	62.694
281.12500000000	2.300	62.694
281.25000000000	2.301	62.694
281.37500000000	2.301	62.694
281.50000000000	2.300	62.694
281.62500000000	2.299	62.694
281.75000000000	2.297	62.694
281.87500000000	2.294	67.665
282.00000000000	2.291	67.665
282.12500000000	2.288	67.665
282.25000000000	2.284	67.665
282.37500000000	2.281	67.665
282.50000000000	2.278	67.665
282.62500000000	2.275	67.665
282.75000000000	2.272	67.665
282.87500000000	2.269	64.000
283.00000000000	2.268	64.000
283.12500000000	2.266	64.000
283.25000000000	2.266	64.000
283.37500000000	2.267	64.000
283.50000000000	2.269	64.000
283.62500000000	2.272	64.000
283.75000000000	2.275	64.538
283.87500000000	2.278	64.538
284.00000000000	2.281	64.538
284.12500000000	2.283	64.538
284.25000000000	2.285	64.538
284.37500000000	2.286	64.538
284.50000000000	2.287	64.538
284.62500000000	2.287	67.965
284.75000000000	2.287	67.965
284.87500000000	2.287	67.965
285.00000000000	2.286	67.965
285.12500000000	2.285	67.965
285.25000000000	2.285	67.965
285.37500000000	2.285	67.965
285.50000000000	2.288	71.111
285.62500000000	2.294	71.111
285.75000000000	2.305	71.111
285.87500000000	2.319	71.111
286.00000000000	2.335	71.111
286.12500000000	2.351	71.111
286.25000000000	2.366	71.111
286.37500000000	2.379	65.085
286.50000000000	2.389	65.085
286.62500000000	2.398	65.085
286.75000000000	2.404	65.085
286.87500000000	2.410	65.085
287.00000000000	2.414	65.085
287.12500000000	2.418	65.085
287.25000000000	2.421	65.085
287.37500000000	2.427	61.440
287.50000000000	2.431	61.440
287.62500000000	2.433	61.440
287.75000000000	2.434	61.440
287.87500000000	2.434	61.440
288.00000000000	2.435	61.440
288.12500000000	2.434	61.440
288.25000000000	2.431	61.440
288.37500000000	2.427	64.810
288.50000000000	2.422	64.810
288.62500000000	2.416	64.810
288.75000000000	2.411	64.810
288.87500000000	2.406	64.810
289.00000000000	2.403	64.810
289.12500000000	2.399	64.810
289.25000000000	2.395	64.810
289.37500000000	2.392	60.952
289.50000000000	2.389	60.952
289.62500000000	2.388	60.952
289.75000000000	2.386	60.952
289.87500000000	2.385	60.952
290.00000000000	2.384	60.952
290.12500000000	2.382	60.952
290.25000000000	2.381	60.952
290.37500000000	2.379	59.535
290.50000000000	2.376	59.535
290.62500000000	2.374	59.535
290.75000000000	2.372	59.535
290.87500000000	2.369	59.535
291.00000000000	2.367	59.535
291.12500000000	2.364	59.535
291.25000000000	2.361	63.471
291.37500000000	2.359	63.471
291.50000000000	2.356	63.471
291.62500000000	2.353	63.471
291.75000000000	2.351	63.471
291.87500000000	2.349	63.471
292.00000000000	2.349	63.471
292.12500000000	2.350	63.471
292.25000000000	2.351	63.471
292.37500000000	2.354	63.471
292.50000000000	2.359	63.471
292.62500000000	2.366	63.471
292.75000000000	2.374	63.471
292.87500000000	2.384	63.471
293.00000000000	2.394	63.471
293.12500000000	2.404	63.471
293.25000000000	2.412	60.472
293.37500000000	2.418	60.472
293.50000000000	2.422	60.472
293.62500000000	2.425	60.472
293.75000000000	2.425	60.472
293.87500000000	2.425	60.472
294.00000000000	2.425	60.472
294.12500000000	2.424	65.362
294.25000000000	2.422	65.362
294.37500000000	2.420	65.362
294.50000000000	2.418	65.362
294.62500000000	2.415	65.362
294.75000000000	2.413	65.362
294.87500000000	2.412	65.362
295.00000000000	2.415	69.818
295.12500000000	2.422	69.818
295.25000000000	2.433	69.818
295.37500000000	2.449	69.818
295.50000000000	2.468	69.818
295.62500000000	2.487	69.818
295.75000000000	2.505	69.818
295.87500000000	2.521	63.734
296.00000000000	2.534	63.734
296.12500000000	2.544	63.734
296.25000000000	2.552	63.734
296.37500000000	2.556	63.734
296.50000000000	2.559	63.734
296.62500000000	2.561	63.734
296.75000000000	2.564	63.734
296.87500000000	2.566	67.074
297.00000000000	2.567	67.074
297.12500000000	2.567	67.074
297.25000000000	2.567	67.074
297.37500000000	2.567	67.074
297.50000000000	2.565	67.074
297.62500000000	2.561	71.442
297.75000000000	2.556	71.442
297.87500000000	2.552	71.442
298.00000000000	2.548	71.442
298.12500000000	2.544	71.442
298.25000000000	2.542	71.442
298.37500000000	2.540	71.442
298.50000000000	2.538	71.442
298.62500000000	2.535	66.494
298.75000000000	2.534	66.494
298.87500000000	2.532	66.494
299.00000000000	2.531	66.494
299.12500000000	2.531	66.494
299.25000000000	2.530	66.494
299.37500000000	2.528	66.494
299.50000000000	2.526	65.362
299.62500000000	2.524	65.362
299.75000000000	2.521	65.362
299.87500000000	2.518	65.362
300.00000000000	2.515	65.362
300.12500000000	2.511	65.362
300.25000000000	2.508	65.362
300.37500000000	2.505	70.459
300.50000000000	2.501	70.459
300.62500000000	2.498	70.459
300.75000000000	2.494	70.459
300.87500000000	2.490	70.459
301.00000000000	2.486	70.459
301.12500000000	2.483	70.459
301.25000000000	2.480	67.665
301.37500000000	2.477	67.665
301.50000000000	2.476	67.665
301.62500000000	2.475	67.665
301.75000000000	2.474	67.665
301.87500000000	2.473	67.665
302.00000000000	2.473	67.665
302.12500000000	2.472	66.494
302.25000000000	2.471	66.494
302.37500000000	2.470	66.494
302.50000000000	2.469	66.494
302.62500000000	2.468	66.494
302.75000000000	2.466	66.494
302.87500000000	2.464	66.494
303.00000000000	2.462	71.111
303.12500000000	2.460	71.111
303.25000000000	2.458	71.111
303.37500000000	2.456	71.111
303.50000000000	2.454	71.111
303.62500000000	2.452	71.111
303.75000000000	2.452	71.111
303.87500000000	2.455	67.665
304.00000000000	2.456	67.665
304.12500000000	2.455	67.665
304.25000000000	2.453	67.665
304.37500000000	2.451	67.665
304.50000000000	2.449	67.665
304.62500000000	2.446	67.665
304.75000000000	2.443	65.923
304.87500000000	2.440	65.923
305.00000000000	2.437	65.923
305.12500000000	2.435	65.923
305.25000000000	2.432	65.923
305.37500000000	2.429	65.923
305.50000000000	2.427	65.923
305.62500000000	2.424	70.459
305.75000000000	2.422	70.459
305.87500000000	2.420	70.459
306.00000000000	2.418	70.459
306.12500000000	2.415	70.459
306.25000000000	2.413	70.459
306.37500000000	2.410	70.459
306.50000000000	2.408	68.267
306.62500000000	2.405	68.267
306.75000000000	2.403	68.267
306.87500000000	2.401	68.267
307.00000000000	2.399	68.267
307.12500000000	2.397	68.267
307.25000000000	2.395	68.267
307.37500000000	2.392	65.085
307.50000000000	2.390	65.085
307.62500000000	2.388	65.085
307.75000000000	2.386	65.085
307.87500000000	2.384	65.085
308.00000000000	2.382	65.085
308.12500000000	2.380	65.085
308.25000000000	2.378	67.965
308.37500000000	2.376	67.965
308.50000000000	2.374	67.965
308.62500000000	2.372	67.965
308.75000000000	2.370	67.965
308.87500000000	2.368	67.965
309.00000000000	2.366	67.965
309.12500000000	2.364	67.965
309.25000000000	2.362	67.074
309.37500000000	2.360	67.074
309.50000000000	2.358	67.074
309.62500000000	2.357	67.074
309.75000000000	2.356	67.074
309.87500000000	2.354	67.074
310.00000000000	2.353	67.074
310.12500000000	2.351	64.538
310.25000000000	2.349	64.538
310.37500000000	2.347	64.538
310.50000000000	2.346	64.538
310.62500000000	2.344	64.538
310.75000000000	2.343	64.538
310.87500000000	2.341	64.538
311.00000000000	2.340	66.783
311.12500000000	2.338	66.783
311.25000000000	2.337	66.783
311.37500000000	2.335	66.783
311.50000000000	2.334	66.783
311.62500000000	2.332	66.783
311.75000000000	2.331	66.783
311.87500000000	2.329	68.267
312.00000000000	2.327	68.267
312.12500000000	2.326	68.267
312.25000000000	2.324	68.267
312.37500000000	2.322	68.267
312.50000000000	2.320	68.267
312.62500000000	2.319	68.267
312.75000000000	2.317	68.267
312.87500000000	2.315	65.362
313.00000000000	2.313	65.362
313.12500000000	2.311	65.362
313.25000000000	2.310	65.362
313.37500000000	2.308	65.362
313.50000000000	2.306	65.362
313.62500000000	2.304	65.362
313.75000000000	2.303	65.641
313.87500000000	2.301	65.641
314.00000000000	2.300	65.641
314.12500000000	2.298	65.641
314.25000000000	2.297	65.641
314.37500000000	2.296	65.641
314.50000000000	2.294	65.641
314.62500000000	2.293	71.111
314.75000000000	2.291	71.111
314.87500000000	2.290	71.111
315.00000000000	2.288	71.111
315.12500000000	2.287	71.111
315.25000000000	2.286	71.111
315.37500000000	2.286	77.970
315.50000000000	2.287	77.970
315.62500000000	2.289	77.970
315.75000000000	2.293	77.970
315.87500000000	2.300	77.970
316.00000000000	2.309	77.970
316.12500000000	2.321	78.769
316.25000000000	2.336	78.769
316.37500000000	2.356	78.769
316.50000000000	2.377	78.769
316.62500000000	2.399	78.769
316.75000000000	2.421	78.769
316.87500000000	2.443	72.796
317.00000000000	2.463	72.796
317.12500000000	2.482	72.796
317.25000000000	2.503	72.796
317.37500000000	2.522	72.796
317.50000000000	2.541	72.796
317.62500000000	2.558	72.796
317.75000000000	2.576	68.267
317.87500000000	2.590	68.267
318.00000000000	2.601	68.267
318.12500000000	2.610	68.267
318.25000000000	2.617	68.267
318.37500000000	2.624	68.267
318.50000000000	2.631	68.267
318.62500000000	2.637	68.267
318.75000000000	2.641	67.074
318.87500000000	2.645	67.074
319.00000000000	2.646	67.074
319.12500000000	2.647	67.074
319.25000000000	2.647	67.074
319.37500000000	2.646	67.074
319.50000000000	2.644	67.074
319.62500000000	2.640	67.074
319.75000000000	2.637	67.074
319.87500000000	2.634	67.074
